34
1, 0, 3
2, 0, 3
2, 1, 10
3, 0, 10
3, 1, 5
3, 2, 4
4, 0, 7
5, 0, 1
6, 0, 2
6, 4, 8
6, 5, 6
7, 0, 6
7, 1, 6
7, 2, 3
7, 3, 2
8, 0, 3
8, 2, 5
9, 2, 6
10, 0, 3
10, 4, 10
10, 5, 1
11, 0, 2
12, 0, 3
12, 3, 1
13, 0, 1
13, 1, 5
13, 2, 4
13, 3, 4
16, 5, 3
16, 6, 5
17, 0, 6
17, 1, 2
19, 0, 2
19, 1, 6
21, 0, 9
21, 1, 8
25, 23, 3
25, 24, 7
27, 2, 7
27, 23, 7
27, 24, 10
28, 2, 5
29, 23, 1
29, 26, 7
30, 1, 1
30, 8, 3
31, 0, 6
31, 24, 10
31, 25, 5
31, 28, 1
32, 2, 5
32, 8, 8
32, 14, 8
32, 15, 8
32, 18, 6
32, 20, 1
32, 22, 3
32, 23, 3
32, 29, 8
32, 30, 5
32, 31, 6
33, 8, 8
33, 9, 8
33, 13, 7
33, 14, 8
33, 15, 7
33, 18, 7
33, 19, 2
33, 20, 4
33, 22, 4
33, 23, 7
33, 26, 9
33, 27, 4
33, 28, 10
33, 29, 10
33, 30, 10
33, 31, 10
33, 32, 9
