129
1577
1397
796
1070
428
342
354
444
431
594
487
282
458
530
327
169
268
532
291
674
195
300
335
131
168
594
143
124
172
231
208
224
435
357
204
154
288
447
94
130
212
201
170
498
66
194
270
103
95
266
116
82
315
158
143
282
88
51
193
99
52
102
157
128
252
97
87
288
66
153
178
202
111
46
327
111
105
107
72
78
126
93
50
314
232
36
105
84
123
123
96
59
203
97
80
193
53
43
56
61
96
35
123
91
201
68
112
39
136
39
63
42
60
40
252
107
39
82
31
44
46
52
52
275
75
92
108
33
174
43
34
42
34
252
34
84
38
85
108
35
28
28
55
40
40
132
42
48
35
85
36
33
64
47
113
37
51
110
45
28
59
90
33
43
44
27
26
31
34
101
27
28
28
29
42
38
86
153
47
33
23
28
70
28
23
38
30
38
31
33
25
51
22
25
25
18
39
28
64
28
24
21
21
38
20
29
199
19
41
23
22
23
24
17
27
26
27
28
17
33
21
26
30
17
25
26
24
23
20
20
25
35
18
21
41
23
17
28
24
31
21
27
21
40
17
25
17
18
39
26
21
17
17
22
30
19
25
20
23
22
26
25
17
29
22
19
30
20
27
19
18
27
17
28
19
26
25
24
23
21
21
20
20
27
19
18
29
21
30
17
19
17
21
25
20
26
23
23
24
23
19
22
22
22
17
24
21
27
25
19
17
19
23
19
17
27
21
19
19
19
22
23
17
21
19
26
24
17
17
23
19
26
25
19
21
17
24
21
33
17
19
26
20
17
23
19
17
30
31
23
21
21
21
23
19
17
23
25
28
22
19
17
17
19
17
22
17
21
27
21
19
17
17
23
17
21
23
19
19
18
19
19
21
23
21
25
19
18
19
19
19
19
21
17
25
23
25
27
19
17
21
18
27
19
25
24
21
19
17
23
21
17
21
25
19
19
22
26
23
17
23
17
21
23
17
22
20
21
23
21
23
21
22
25
17
25
19
23
20
21
19
19
19
21
17
17
22
23
19
17
25
21
21
29
19
17
19
18
20
21
23
19
21
17
21
22
19
17
25
21
21
18
17
25
17
31
17
17
25
19
21
29
23
25
25
25
21
17
19
26
20
24
21
23
19
33
25
19
21
20
17
19
24
18
19
17
22
17
21
17
23
30
29
22
17
22
19
21
19
23
19
24
21
19
20
21
21
21
17
21
21
19
23
21
19
19
19
23
21
17
17
19
22
19
17
17
25
23
26
25
21
24
19
21
21
21
25
19
21
19
20
18
25
19
17
19
23
19
19
18
21
17
19
19
21
21
21
23
21
25
25
21
17
19
19
19
21
19
19
21
21
19
17
19
22
29
25
29
25
21
17
20
21
21
19
23
17
21
25
25
20
18
27
17
19
21
23
27
24
27
19
23
23
25
23
20
27
19
17
27
19
17
23
29
17
21
29
19
22
27
19
23
23
18
19
19
17
24
27
19
21
25
17
22
19
17
21
19
17
19
17
24
21
23
17
17
26
17
25
17
23
25
27
21
19
25
19
21
17
25
24
17
21
21
19
23
19
25
19
17
17
17
19
31
19
17
17
19
17
17
18
22
19
19
27
27
23
17
17
19
19
19
25
21
17
23
21
25
20
19
18
19
19
17
19
17
21
17
23
17
20
21
21
21
25
26
26
23
17
17
27
24
25
21
27
17
19
35
19
21
23
19
21
23
17
20
19
23
19
21
22
17
21
19
19
25
19
21
17
17
21
29
25
17
18
19
21
17
19
19
18
25
29
19
24
31
23
18
23
21
17
17
19
23
19
23
21
22
21
18
21
17
24
23
19
21
22
21
21
18
21
19
17
19
20
21
24
19
21
21
21
19
17
25
17
25
19
17
19
19
31
19
18
19
17
17
20
18
23
20
18
25
19
25
17
17
21
25
29
20
23
21
17
17
17
21
19
27
27
21
21
24
36
27
25
30
20
17
29
18
17
17
25
23
21
23
25
25
22
30
21
26
21
22
21
23
17
19
19
20
21
19
32
21
19
21
22
21
21
19
26
24
19
25
19
21
17
19
21
19
25
17
19
19
27
22
19
19
19
17
23
19
20
23
17
27
20
18
21
19
23
21
21
23
23
23
21
19
19
21
24
23
19
17
21
17
17
25
23
23
19
19
17
19
19
25
17
19
22
17
20
25
25
17
17
19
18
17
22
30
23
20
24
17
17
20
17
20
21
26
21
27
17
19
22
17
19
26
17
19
19
17
21
33
29
23
27
21
23
21
23
23
23
20
17
22
22
17
26
21
28
31
25
27
20
22
21
23
24
21
25
15
