231
1728
1064
661
991
554
656
451
704
225
393
537
659
157
794
309
616
101
265
136
261
303
293
502
239
348
153
247
348
343
111
442
121
257
203
212
204
81
301
211
212
228
164
239
236
180
76
415
99
103
267
268
144
185
213
57
137
263
225
213
189
104
178
114
172
203
84
34
208
179
53
92
248
89
63
318
78
111
129
92
112
108
79
138
204
141
42
135
64
67
350
61
274
38
153
56
296
47
90
208
73
64
112
74
45
51
49
211
28
37
245
37
149
222
55
38
62
122
126
39
138
69
48
45
137
145
78
36
94
40
84
71
69
56
187
81
33
224
39
67
192
80
113
36
35
80
39
79
47
39
79
39
49
162
51
42
65
46
52
33
71
42
38
32
39
48
108
34
76
27
69
112
38
49
42
91
39
52
29
37
40
143
41
41
33
40
32
39
55
49
31
61
100
40
23
28
24
46
29
37
95
26
51
29
27
21
30
46
43
34
63
155
32
28
45
39
30
57
50
26
50
24
143
28
47
26
18
36
65
44
26
49
40
19
30
30
24
29
25
42
33
29
29
88
31
22
57
47
27
19
70
260
26
24
35
45
25
21
37
83
52
143
22
50
49
153
23
22
19
24
28
25
22
23
27
21
23
19
114
62
31
37
42
48
27
25
46
41
28
141
161
43
50
37
25
42
47
43
38
21
22
42
17
25
29
24
19
22
40
24
39
21
19
23
30
38
28
19
25
26
23
38
21
36
25
23
28
23
73
138
38
25
17
33
35
41
24
24
17
19
21
25
19
32
44
42
39
24
42
19
20
24
25
22
17
46
85
39
191
24
19
23
17
25
37
23
25
24
19
27
44
22
19
17
20
38
24
17
17
17
25
25
19
21
19
19
38
30
21
29
26
17
25
23
21
34
21
25
18
23
23
24
21
18
25
18
28
19
21
22
20
31
19
30
30
17
21
22
21
23
20
21
36
28
31
17
32
31
32
17
19
19
20
23
31
59
32
61
57
19
34
43
33
21
26
43
21
23
23
19
21
28
36
19
22
48
22
26
18
27
26
36
27
20
25
30
20
28
23
20
24
25
24
17
31
22
21
27
23
25
21
17
21
29
29
28
39
41
27
24
21
22
37
23
20
21
17
27
21
28
25
17
34
23
27
19
26
17
28
23
23
21
24
124
20
22
19
36
24
25
19
28
21
17
19
24
22
25
21
19
20
20
86
17
17
30
30
46
32
23
36
17
20
26
27
17
24
20
43
23
19
33
17
24
40
42
23
27
21
36
25
23
18
19
21
19
27
19
21
17
31
23
23
25
28
21
19
31
19
17
25
21
23
18
19
17
20
19
21
17
21
19
17
24
25
29
17
20
35
30
25
31
21
29
17
21
26
17
22
19
23
23
25
17
23
19
21
29
17
27
24
23
23
21
23
20
19
23
17
23
17
18
19
19
37
21
19
29
21
21
23
26
23
21
27
21
19
23
23
22
19
17
17
17
19
17
17
19
19
19
21
21
19
28
21
19
17
21
19
23
21
21
19
19
19
23
19
21
21
19
17
21
21
17
19
19
19
26
21
25
32
19
19
17
28
37
21
19
19
21
19
21
19
23
25
17
22
21
21
27
21
25
21
25
17
20
19
19
21
29
71
18
17
19
17
25
29
23
17
19
21
104
28
23
23
26
21
17
19
21
19
17
17
23
19
21
17
21
42
25
31
21
29
20
17
25
17
20
21
23
19
23
23
17
25
30
78
