Question 5

(a)

13


(b)

Replace the underlines with the array elements

[0]  [1]  [2]  [3]  [4]  [5]  [6]  [7]  [8]  [9]  [10]  [11]
 14  17   18   19   8    13   6    8    18   5    20    13


(c)

After the first pass...

[0]  [1]  [2]  [3]  [4]  [5]  [6]  [7]  [8]  [9]  [10]  [11]
14   18   17   19   8    13   6    8    5    18   13    20


After the second pass...

[0]  [1]  [2]  [3]  [4]  [5]  [6]  [7]  [8]  [9]  [10]  [11]
14   17   18   19   6    8    8    13   5    13   18    20


After the third pass...

[0]  [1]  [2]  [3]  [4]  [5]  [6]  [7]  [8]  [9]  [10]  [11]
6    8    8    13   14   17   18   19   5    13   18    20


After the fourth pass...

[0]  [1]  [2]  [3]  [4]  [5]  [6]  [7]  [8]  [9]  [10]  [11]
5    6    8    8    13   13   14   17   18   18   19    20


